# z-spec M_UV O3Hb_EW err_O3Hb_EW Beta_UV err_Beta_UV DLya err_DLya SFR err_SFR Xi_ion err_Xi_ion O_32 err_O_32 logOH err_logOH
5.8051 -19.15791372129155 1441.6 73.0 -1.84 0.03 59.3 3.9 2.0426563150332555 0.26978479632514696 3.545078262975944e+25 2.9137629558706385e+24 9.962264150943396 1.3206318869629976 7.947696299173648 0.1518949870039158
5.8215 -17.755300291330258 3186.9 29.3 -1.93 0.08 63.2 14.8 0.27156108912780724 0.1163833239119174 3.363585608098109e+25 3.5406164295769574e+24 10.714285714285715 4.600717036630852 7.3486096860303585 0.1518949870039158
5.8215 -18.075300291330258 2318.4 51.0 -2.47 0.05 -90.7 6.5 0.27156108912780724 0.1163833239119174 3.8224635196145685e+25 2.63618173766522e+24 15.000000000000002 6.4349175026029775 7.280445034933059 0.1518949870039158
5.829 -20.044107218203987 449.2 62.9 -1.95 0.07 42.5 6.5 1.5175209446060942 0.6614834886744513 1.1061276529607843e+25 3.253316626355248e+24 9.41025641025641 4.119898916281734 7.896283349963487 0.1518949870039158
5.8304 -18.463884656350324 563.2 73.3 -1.75 0.05 40.6 4.2 2.530614692846273 0.15573013494438603 2.6924038909772073e+25 2.7852454044591797e+24 2.523076923076923 0.16198084082498754 7.759757071871175 0.1518949870039158
5.8427 -18.061931250184802 1270.1 36.1 -2.48 0.15 26.0 5.9 0.6651050194882997 0.234742948054694 2.425391098604608e+25 6.737197496123912e+24 6.235294117647059 2.2202591407157524 7.655324662185366 0.1518949870039158
5.8434 -18.9218201863545 290.8 72.5 -1.41 0.09 -6.7 1.4 -0.2739430865769654 1.2914459795771227 1.1067252274007259e+26 1.7120611252607913e+25 -74.57142857142858 -351.57064136299584 4.70280903841629 0.1518949870039158
5.8639 -18.928572630848752 4451.3 55.2 -2.73 0.13 43.6 9.9 1.183642184560198 0.3550926553680594 2.546812407480628e+25 4.244687345801046e+24 6.6000000000000005 1.9978766506246357 7.495310750194755 0.1518949870039158
5.8744 -20.43691300303895 239.6 69.7 -1.81 0.04 41.9 3.3 4.239254762483549 0.5546688474277541 1.1400703819288853e+25 1.8241126110862165e+24 3.738317757009346 0.503989139769818 7.652834996641365 0.1518949870039158
5.8777 -20.016391929232842 892.0 68.1 -2.07 0.11 70.7 14.1 5.157226061764303 1.4678258791175325 6.47487204629926e+25 7.219369528974785e+24 12.023076923076925 3.4302512927240336 7.544264612275535 0.1518949870039158
5.8928 -18.544010806795328 2131.7 45.3 -2.35 0.07 -92.8 9.4 0.5587163932508099 0.15963325521451713 2.9894637711330228e+25 3.517016201332968e+24 14.214285714285714 4.071262336128604 7.594658038911927 0.1518949870039158
5.9156 -19.420425335927547 740.1 56.5 -2.54 0.12 -47.4 6.3 1.852335473602059 0.4429497871657099 2.7834078581052277e+25 3.9762969401503256e+24 9.56521739130435 2.2976419482070747 7.7090053507790195 0.1518949870039158
5.917 -19.980205560803295 1382.0 70.0 -1.7 0.07 74.5 10.2 17.163674738869172 1.128128856075908 8.402899358623027e+25 5.900912470943137e+24 5.206572769953052 0.34721147283253756 7.79745738435231 0.1518949870039158
5.919 -19.169891673491264 487.1 42.7 -2.06 0.09 -48.9 9.6 0.604829643224287 0.32257580971961974 1.6546508533500256e+25 3.509865446500054e+24 8.533333333333333 4.574974330360422 7.337260482585681 0.1518949870039158
5.9204 -19.449672006353694 417.3 70.9 -2.41 0.02 35.1 1.3 1.3717009739858794 0.121032438881107 6.131122133798209e+24 1.1495854000871641e+24 3.61764705882353 0.3311748147747903 8.036582633086159 0.1518949870039158
5.9204 -19.429672006353695 106.2 68.1 -1.91 0.08 56.4 10.9 1.2103243888110702 0.4034414629370234 1.0970575278734432e+25 3.1344500796384093e+24 6.666666666666667 2.242380789459781 7.93826318539147 0.1518949870039158
5.9232 -20.23923280536338 839.9 62.2 -2.08 0.06 61.6 11.1 4.281181693122752 0.6866046111611962 2.8896330209374194e+25 2.7784932893629035e+24 8.29245283018868 1.3384601542936045 7.629268149277065 0.1518949870039158
5.9253 -19.26890352117412 896.6 52.2 -2.3 0.08 15.5 2.0 0.889279474616034 0.28295256010510167 2.5127921310523106e+25 2.7412277793297934e+24 10.772727272727272 3.438518742125663 7.408268430147064 0.1518949870039158
5.928 -18.878480302476774 2633.3 39.7 -1.95 0.14 64.2 20.3 3.277633814390862 0.6069692248871967 7.32599882423881e+25 8.503391492420048e+24 10.444444444444445 1.9408037421230602 7.934607844434531 0.1518949870039158
5.928 -19.848480302476773 825.6 59.3 -2.28 0.08 44.1 7.4 2.4683415145412666 0.4046461499247978 1.7363795604750866e+25 2.4042178529655046e+24 9.262295081967213 1.5255603310636292 7.942593247665577 0.1518949870039158
5.9294 -20.38826092067473 7.6 68.4 -2.15 0.05 34.4 3.1 0.5668155936938493 0.36438145308890313 6.484739282107028e+23 1.2969478564214057e+24 2.6428571428571432 1.7925016780250491 8.000107858285185 0.1518949870039158
5.9294 -19.93826092067473 1356.6 59.0 -2.1 0.1 61.8 11.2 3.846248671493978 0.6073024218148386 2.6539648767191712e+25 3.1945873516064093e+24 9.221052631578948 1.4633948167791269 7.949258970847018 0.1518949870039158
5.9301 -19.07815124639442 2391.3 50.0 -2.17 0.16 29.4 7.2 4.292781342870206 0.6479669951502198 7.929051371964233e+25 7.603199945719127e+24 11.018867924528301 1.669234397899713 7.935397303632068 0.1518949870039158
5.9301 -18.91815124639442 210.6 62.0 -1.97 0.1 29.5 4.0 1.7009133622693269 0.2834855603782211 8.204997624820447e+24 3.7869219806863603e+24 1.9047619047619047 0.3481224158644652 7.827318527912177 0.1518949870039158
5.9308 -19.2580415831916 2768.1 44.1 -1.97 0.1 52.9 13.8 3.5647962193596925 0.6076357192090385 4.610587734982542e+25 5.993764055477306e+24 11.874999999999998 2.029531317553583 7.942121439783144 0.1518949870039158
5.9315 -18.927931931064037 1062.3 71.0 -2.28 0.04 34.2 2.4 1.1345644904207348 0.32416128297735286 4.404752980022274e+25 4.3427142056557626e+24 13.321428571428571 3.814324068118283 7.516747376945947 0.1518949870039158
5.9315 -19.567931931064038 784.8 61.0 -1.51 0.1 84.0 22.0 3.363173310890036 0.4457217640938602 2.624576326401948e+25 3.1080509128444125e+24 7.16867469879518 0.9562332299399164 7.978183470392216 0.1518949870039158
5.9322 -19.517822290009487 1617.3 46.5 -1.85 0.08 50.3 9.9 2.2697513704110976 0.40531274471626744 1.9984293039710326e+25 2.9068062603215024e+24 10.517857142857144 1.8850522958488907 7.951387820846977 0.1518949870039158
5.9322 -17.927822290009487 850.0 67.6 -1.98 0.05 56.5 6.7 0.2837189213013872 0.12159382341488023 3.1517618440564606e+25 3.151761844056461e+24 15.142857142857144 6.49608218198621 7.501102773007852 0.1518949870039158
5.9412 -18.866413604724897 769.5 69.2 -2.16 0.03 8.5 0.5 0.5694404691547087 0.08134863845067268 1.328704783903937e+25 1.3287047839039371e+24 9.071428571428571 1.3037686060388407 7.737769756430552 0.1518949870039158
5.944 -19.64597571957891 2266.4 71.1 -1.89 0.01 31.3 1.0 1.0179719627052837 0.36646990657390216 4.140223188265005e+25 2.587639492665628e+24 29.360000000000003 10.57444297161794 7.513415418644837 0.1518949870039158
5.9482 -19.495319222811098 167.3 73.7 -2.0 0.02 57.0 2.2 1.468287636859632 0.16314307076218135 5.233410836225149e+24 1.495260238921471e+24 2.944444444444444 0.3455136288680624 8.044482551645132 0.1518949870039158
5.9802 -18.47033033396788 981.6 64.3 -2.56 0.05 6.5 0.5 0.28908166439993194 0.12389214188568512 2.5126391924452154e+25 2.8991990682060175e+24 17.0 7.298308442539887 7.383653877628265 0.1518949870039158
5.9865 -19.699350841524584 490.5 56.0 -2.03 0.1 63.6 16.7 2.7323021394823077 0.455383689913718 1.1881747481967192e+25 2.814098087834335e+24 2.484848484848485 0.44098747379682984 7.538945496341897 0.1518949870039158
5.9928 -17.218372231929962 830.6 64.0 -1.7 0.09 -65.5 11.0 0.08299957956618598 0.08299957956618598 7.059061360392647e+25 6.138314226428389e+24 30.499999999999996 30.516389039334253 7.05352615344264 0.1518949870039158
6.0019 -19.44696024012509 534.4 63.3 -1.82 0.07 50.4 9.9 1.874084051502721 0.37481681030054426 1.8997571589725648e+25 3.1662619316209416e+24 6.622222222222223 1.339459998066293 7.7321539597491356 0.1518949870039158
6.0084 -21.125952797623892 1649.3 66.0 -1.92 0.03 52.5 2.8 14.654651832303328 1.503041213569572 3.2669334248950485e+25 2.6034687961888567e+24 7.777777777777778 0.8029135021679105 7.97572772868229 0.1518949870039158
6.0541 -18.928895969999804 563.4 51.0 -2.61 0.1 49.0 8.8 1.019814876801051 0.3399382922670171 2.342574664324087e+25 4.55500629174128e+24 7.875 2.641153998623414 nan nan
6.0616 -20.817742216051798 837.0 59.2 -2.22 0.06 61.6 8.2 9.503056315579942 1.4915110809206187 1.7641448732476547e+25 3.4144739482212676e+24 6.923766816143498 1.0955453390083505 7.980380487189737 0.1518949870039158
6.0619 -19.277696091385604 845.7 53.8 -2.03 0.12 36.6 7.3 2.2588334447782707 0.5114339874969669 2.8741695486467764e+25 4.711753358437339e+24 8.283018867924529 1.8868499826663967 7.93676535904951 0.1518949870039158
6.0694 -18.476543611104205 489.2 61.3 -2.37 0.04 29.8 2.1 0.25645209299286703 0.042742015498811174 7.883931583893822e+24 9.854914479867278e+23 4.833333333333333 0.8226162719422693 7.376061458817667 0.1518949870039158
6.0873 -18.94379795873857 1532.6 39.2 -1.96 0.17 58.5 16.4 1.9796192954608278 0.5164224249028248 4.3126184878457014e+25 6.436744011710002e+24 10.195652173913045 2.6704635356751436 7.913856515833307 0.1518949870039158
6.1013 -20.42165534962991 167.6 64.6 -2.1 0.05 32.2 3.1 0.9518360923995858 0.5191833231270467 -4.997065293441938e+23 1.6656884311473127e+24 8.318181818181818 4.55990190862662 7.836860177650536 0.2614805033543398
6.1056 -18.910998110425997 400.3 69.9 -1.85 0.05 55.9 5.7 2.1668038977424775 0.13000823386454866 2.0160076882464964e+25 2.0160076882464964e+24 3.06 0.19315527432612342 7.66568743858772 0.1518949870039158
6.1072 -20.94075365782905 945.2 65.3 -2.34 0.03 47.7 2.6 5.246855087957162 0.6937990198951619 1.6424911615489737e+25 1.4553719152965588e+24 9.96694214876033 1.3237601484162782 7.950949593546859 0.1518949870039158
6.1086 -19.57053980694601 1758.3 43.4 -1.96 0.09 43.7 9.4 3.3840699087492774 0.6507826747594765 3.4162573155296904e+25 5.142752948109211e+24 8.294871794871796 1.606717800129029 7.941037326980126 0.1518949870039158
6.134 -19.26666723749416 3046.1 53.6 -1.67 0.08 84.4 16.8 4.5119448891664256 0.7008846429773088 1.0238952316601998e+26 6.858628346049185e+24 11.902912621359222 1.8539853258273922 7.641042544195839 0.1518949870039158
6.14 -20.595754470559566 1077.4 62.5 -1.55 0.06 83.6 14.7 8.956573981227347 1.3171432325334336 3.1021251735068127e+25 3.734039560702645e+24 8.259803921568627 1.2224071487537254 7.961990218573632 0.1518949870039158
6.1894 -19.718268381679167 866.9 59.4 -1.79 0.09 46.2 9.3 6.4856427906361835 0.6709285645485706 3.1734268001262123e+25 4.253046226973275e+24 4.986206896551724 0.5247731324972145 8.009096877362534 0.1518949870039158
6.1906 -18.818087173967243 3742.3 174.9 -2.27 0.12 61.1 10.9 0.98447110908678 0.44748686776671814 2.178785654318791e+25 6.761748582368663e+24 7.2727272727272725 3.3310014496757514 7.57565571470645 0.1518949870039158
6.206 -20.225764355533627 1857.0 41.2 -2.57 0.06 -43.0 4.1 1.3052111234212063 0.8101310421235074 2.6750693741075833e+25 3.086618508585673e+24 20.551724137931036 12.768168388124266 7.364607966717773 0.1518949870039158
6.2283 -18.402409577452357 3690.5 60.1 -2.66 0.13 33.3 7.7 0.3630654871548043 0.22691592947175268 2.444306394185041e+25 5.555241804966002e+24 15.375 9.6296787532412 nan nan
6.2513 -19.088960317291566 589.9 526.0 -2.84 0.31 -28.6 5.4 0.3204088195100703 0.22886344250719307 2.4430002683277086e+25 2.383414895929472e+24 19.000000000000004 13.583453319448363 7.189331407391597 0.1518949870039158
6.2651 -19.456896008766137 1089.4 50.9 -2.88 0.14 35.3 6.2 2.668421458535377 0.5060799317911923 2.987994761326992e+54 4.268563944752846e+53 8.793103448275863 1.676546516476347 7.94009985816603 0.1518949870039158
6.268 -20.046462703410008 2047.7 54.4 -2.07 0.07 1.2 0.1 2.8555120225767063 1.1053594926103378 4.477473850845737e+25 5.194859163964667e+24 25.338709677419352 9.816168253278503 7.839504637845376 0.1518949870039158
6.3139 -19.57962745472596 1165.7 54.2 -2.2 0.06 54.7 7.0 1.1242095757562702 0.3278944595955788 2.8919842423482765e+25 2.313587393878621e+24 13.916666666666666 4.069493327825474 7.40594131196108 0.1518949870039158
6.3271 -20.15766970296229 716.9 66.6 -1.78 0.04 28.9 3.8 4.659859384475615 0.8472471608137482 3.845134793330857e+25 3.6620331365055786e+24 10.343434343434344 1.8884477803284383 7.680861376818479 0.1518949870039158
6.33 -18.83724006339718 1275.4 52.2 -2.5 0.04 35.1 2.9 0.4711928725237538 0.09423857450475076 1.6928829596675984e+25 1.5389845087887257e+24 8.8 1.7713271860387625 7.403319028858695 0.1518949870039158
6.3337 -19.086692149290528 1009.7 36.0 -2.24 0.12 -20.2 4.1 0.4718312329482332 0.4246481096534099 2.6785658292873553e+25 4.870119689613372e+24 22.4 20.175866771962983 nan nan
6.3351 -18.536484902523064 282.6 66.1 -1.52 0.08 80.1 14.5 1.1801822456760775 0.1416218694811293 1.7300617107386582e+25 3.0530500777741024e+24 4.12 0.5087547149658664 7.755235241840747 0.1518949870039158
6.3396 -16.79581902000764 631.6 28.7 -2.76 0.2 -29.4 8.3 0.14185504172659552 0.04728501390886518 2.0173643377982843e+25 5.043410844495711e+24 6.333333333333333 2.1372648957412608 nan nan
6.341 -20.04561193982137 1044.5 68.0 -2.29 0.01 -0.056 0.001 0.9461841805717801 0.283855254171534 1.802290541974338e+25 1.269218691531224e+24 17.95 5.39080003339022 7.464140390016614 0.1518949870039158
6.352 -19.483986254054862 686.7 48.0 -2.8 0.07 24.6 4.6 0.7599927940144852 0.6649936947626744 2.0746292976871576e+25 5.080724810662427e+24 13.125 11.508838739882707 7.34348221803126 0.1518949870039158
6.3785 -19.030079795962468 793.1 20.5 -2.64 0.1 24.1 2.9 0.04795981810033347 0.2877589086020008 1.373071054462632e+25 3.9230601556075197e+24 70.0 420.0428549564913 nan nan
6.5357 -19.517190998380954 375.3 56.6 -2.55 0.05 32.7 2.9 0.862584451655835 0.2537013093105397 5.696056622460835e+24 1.7526328069110265e+24 7.588235294117648 2.2511303365846587 7.946250531286431 0.1518949870039158
6.5361 -18.68713336830598 803.3 34.6 -2.5 0.11 42.2 7.2 0.8119591413995686 0.2537372316873652 2.427473372384203e+25 3.7345744190526194e+24 5.687499999999999 1.7948400501615906 nan nan
6.6261 -17.324243760453065 2571.1 79.8 -2.73 0.2 5.5 1.4 0.2095125031314013 0.10475625156570065 2.030374373029241e+25 6.767914576764138e+24 7.75 3.9071249020219456 nan nan
6.6284 -19.413916356304796 2844.7 9.9 -2.58 0.12 33.7 7.8 0.9435630387748376 0.5766218570290674 2.761689381001839e+25 4.931588180360427e+24 15.444444444444445 9.458035085508381 nan nan
6.6322 -18.753375643926077 1464.0 55.1 -2.57 0.04 13.3 0.9 0.36742770176621015 0.10497934336177434 2.9052711073077183e+25 1.815794442067324e+24 16.857142857142858 4.824793664245199 7.2983563497294694 0.1518949870039158
6.6345 -20.513048501414616 1947.9 48.8 -2.22 0.05 63.8 8.4 5.778494005453839 0.8930399826610479 2.13439021878976e+25 2.6904078388106217e+24 9.19090909090909 1.4278412899428843 7.957908249384303 0.1518949870039158
6.7074 -18.43273025334435 2495.3 135.4 -2.17 0.14 12.8 3.8 0.48487924139751987 0.2155018850655644 1.7467677042060793e+25 3.74307365187017e+24 9.555555555555555 4.270106066865692 nan nan
6.7186 -18.391153662182674 5455.4 4.4 -2.24 0.08 27.4 3.9 0.3785849076110534 0.16225067469045146 3.513485730203472e+25 2.6025820223729417e+24 24.857142857142858 10.661678428939593 7.6527621731023645 0.1518949870039158
6.7274 -18.53991651604314 170.8 54.5 -2.03 0.1 63.5 18.5 0.48822626704040856 0.1627420890134695 1.0207108623991897e+25 3.4023695413306326e+24 4.0 1.3743685418725535 7.439601358396906 0.1518949870039158
6.737 -19.748568507856 2468.5 28.8 -2.16 0.08 -2.7 0.4 3.374434828314186 0.7075427865820069 3.167916063917497e+25 4.472352090236466e+24 10.870967741935484 2.2890200635317317 7.928192004933703 0.1518949870039158
6.7654 -19.014590421532525 634.6 51.1 -2.39 0.08 49.5 6.6 0.8793250298372342 0.21983125745930854 8.881891539515154e+24 2.960630513171718e+24 6.312499999999999 1.5978042795114173 7.966817076808456 0.1518949870039158
6.7701 -18.803933479648705 288.5 60.3 -1.61 0.11 18.7 4.5 0.660552448702986 0.49541433652723954 6.843582238115298e+25 7.203770776963473e+24 19.0 14.265586018262427 7.143993603572296 0.1518949870039158
6.8458 -20.323406917040373 898.2 52.9 -2.26 0.06 52.7 8.2 4.40525745911504 0.6777319167869291 2.310334578854769e+25 2.49153729092181e+24 9.512820512820513 1.4715748848211634 7.943944889632275 0.1518949870039158
6.8702 nan 299.1 56.7 -2.21 0.09 27.9 3.8 0.3986037484194506 0.0569433926313501 1.8280167374288114e+25 2.6114524820411597e+24 5.142857142857143 0.7484539110568266 7.607660833956407 0.1518949870039158
6.8717 -19.929828664372195 606.7 60.2 -2.31 0.03 44.8 2.6 0.6836651037111362 0.3418325518555681 2.617894129717573e+25 1.6361838310734831e+24 20.166666666666668 10.091938476934065 7.169571181409321 0.1518949870039158
6.8733 -18.839608000296792 473.2 54.0 -2.21 0.07 68.4 11.9 0.17100813996722333 0.2280108532896311 2.137826706656586e+25 2.672283383320733e+24 28.000000000000004 37.346723789079256 7.168421537820747 0.1518949870039158
6.9326 -19.171461110966938 1995.6 46.2 -1.91 0.05 86.8 16.1 1.8024628785977006 0.23257585530292912 3.4754114556061205e+25 2.6733934273893234e+24 9.290322580645162 1.2056757460525105 7.6233529630755665 0.1518949870039158
6.9336 -19.94132424943662 4545.1 14.6 -1.92 0.08 72.0 16.5 6.165311414269859 0.814286413205453 3.8726466702482025e+25 3.9382847494049514e+24 10.933962264150944 1.4501353356147215 7.958578063980847 0.1518949870039158
6.9352 -20.73110530686585 869.6 52.6 -2.17 0.04 46.8 3.4 4.306377074685494 0.6983314175165666 1.4021973854043734e+25 1.593406119777697e+24 8.702702702702704 1.419056167348934 7.946259494820432 0.1518949870039158
6.9806 -18.89491114039087 1613.6 43.0 -1.98 0.08 40.2 6.2 2.481225677417761 0.29538400921640007 2.894731485786241e+25 3.508765437316656e+24 7.261904761904762 0.8726706992036072 nan nan
6.9915 -20.103429240519336 23.5 58.3 -1.67 0.09 48.3 9.3 1.3636645798124085 0.889346465095049 2.5875940149965875e+24 3.737635799439515e+24 5.0 3.3094925624321854 7.9521214558356625 0.1518949870039158
6.9925 -19.383293387640688 713.0 15.3 -2.47 0.12 45.3 9.7 1.7199703713245487 0.5930932314912237 1.0116684937655309e+25 5.058342468827654e+24 4.275862068965518 1.5142209917934308 7.961185387038031 0.1518949870039158
7.035 -18.80753529725159 60.0 0.0 -1.9 0.04 0.1 0.01 -1.5035957810356528 0.8420136373799656 5.985911953207449e+25 1.158563603846603e+25 -0.72 -0.5968 4.112147171074878 0.1518949870039158
7.1028 -19.36841220143897 1722.7 6.7 -2.53 0.17 -3.6 0.8 0.922324667936537 0.6148831119576913 2.100787327940329e+25 5.251968319850823e+24 17.533333333333335 11.707884860265521 nan nan
7.1135 -20.016979398755634 1222.1 3.7 -1.96 0.14 2.6 0.7 -0.37021185946564084 0.8638276720864954 1.099352254739545e+25 3.880066781433688e+24 -39.16666666666667 -91.41456917138606 nan nan
7.1785 -19.568315854959508 9292.8 360.9 -2.34 0.14 46.3 12.3 1.7012333984871244 0.6930950882725322 2.2278912893465743e+25 4.455782578693149e+24 7.666666666666666 3.145338857900149 nan nan
7.1791 -21.10823620492244 619.5 41.2 -2.31 0.06 61.6 6.0 4.600516617239794 1.3864570627298012 1.4001279352052265e+25 2.273712031529855e+24 8.082191780821917 2.4526578736167517 7.526144316793285 0.1518949870039158
7.2053 -18.354763839402676 1054.3 48.8 -2.17 0.07 37.7 4.2 0.7626209701968327 0.1271034950328055 4.106043299226316e+25 3.0415135549824563e+24 9.416666666666668 1.5782691918602827 7.430352701730706 0.1518949870039158
7.2621 -17.787273882153915 163.8 46.2 -2.29 0.1 61.5 9.3 0.1294224312667521 0.06471121563337605 2.620411773436673e+24 2.620411773436673e+24 5.999999999999999 3.041381265149109 7.957984644068174 0.1518949870039158
7.2697 -19.246275612668747 42.2 60.1 -2.26 0.03 56.8 3.4 0.0 nan 0.0 nan nan nan nan nan
7.2753 -16.98554063255647 2159.1 23.5 -2.95 0.2 -98.8 20.6 0.5198584639622228 0.1299646159905557 4.952641265499615e+25 5.502934739444017e+24 5.749999999999999 1.4590771912410938 nan nan
7.4546 -20.462267336783615 707.5 27.2 -2.57 0.06 41.2 3.9 1.718149332100714 0.9621636259763997 8.208507487960631e+24 2.814345424443645e+24 8.440000000000001 4.754919238010253 7.639268966435645 0.1518949870039158
7.4721 -19.560022316743908 1413.5 28.0 -1.98 0.07 41.8 7.1 1.5201448071068733 0.48368243862491417 4.076132510185018e+25 3.2179993501460666e+24 15.954545454545453 5.086408016785156 7.413466303234292 0.1518949870039158
7.4757 -19.84956105918884 43864.3 1204.4 -2.41 0.12 20.7 4.3 3.182006446505428 0.6917405318490062 2.2635742647639745e+25 3.2924716578385084e+24 8.391304347826088 1.8371042988905468 7.943010103420133 0.1518949870039158
7.4808 -19.298907946245574 319.5 45.1 -2.15 0.14 2.6 0.6 0.4156955703579733 0.4156955703579733 4.046084381556789e+25 4.114662082939107e+24 19.5 19.52562418976664 6.968953360366583 0.1518949870039158
7.4842 -18.56847275577748 8524.4 547.2 -2.07 0.29 -57.5 15.4 -0.13871001568165026 0.6935500784082512 3.4837933697581146e+24 1.2059284741470397e+24 -80.5 -402.53105470261545 nan nan
7.5089 -19.415316450789696 14.3 35.6 -1.81 0.14 11.3 2.8 0.6988230330488794 0.6289407297439915 2.4760591506446823e+24 4.952118301289365e+24 6.5 5.918825897084658 7.940867490530896 0.1518949870039158
7.5524 -18.599779987888553 580.4 32.1 -2.64 0.12 21.1 3.4 0.8497948227380866 0.28326494091269555 2.7962281761742346e+25 3.994611680248906e+24 7.5 2.6352313834736494 7.4426317173818415 0.1518949870039158
7.589 -18.645143493146847 516.5 5.3 -2.37 0.11 54.7 11.5 0.7876798825609586 0.28642904820398496 1.543257706128601e+25 3.8581442653215024e+24 3.818181818181818 1.4352590642044567 nan nan
7.6487 -19.437622917828147 804.9 11.6 -1.93 0.14 67.7 14.8 2.0414190180379967 0.6561703986550704 5.672732487439174e+24 5.042428877723711e+24 4.0 1.325283951091391 nan nan
7.6631 -20.50581668104695 1423.2 49.0 -2.4 0.03 6.9 0.3 4.466629491877034 0.43934060575839684 2.334929432373542e+25 1.1792572890775463e+24 10.573770491803279 1.0446838080343321 7.796670983402057 0.1518949870039158
7.7785 -20.01144921632138 520.2 25.8 -2.29 0.08 64.1 8.7 2.4249457858319206 0.9093546696869701 1.2226728199566127e+25 3.820852562364415e+24 5.71875 2.177071262551266 7.639481904797221 0.1518949870039158
7.8314 -19.514926110795752 932.5 23.4 -1.5 0.14 36.6 10.2 2.2320508492014297 0.7696727066211827 4.080507847415957e+25 4.872248176019055e+24 15.206896551724139 5.2550830693694826 nan nan
7.8798 -19.398992039347004 533.2 44.7 -2.23 0.22 98.0 19.0 3.3566987764859837 0.3903138112193004 6.893001534765445e+24 2.757200613906178e+24 3.0 0.3677067046707418 8.076371464441369 0.1518949870039158
7.8845 -20.15841752075844 940.7 27.3 -2.06 0.11 39.1 9.4 5.237362628545692 1.094374280591637 1.9797952045034104e+25 4.096128009317401e+24 7.656716417910447 1.6134984202254739 7.96293730910776 0.1518949870039158
7.8922 -19.98747694468982 12027.9 51.9 -1.92 0.05 57.2 8.0 5.170755569725539 0.7051030322353009 4.89868023388932e+25 3.212249333697915e+24 12.363636363636363 1.6914561292476944 7.818718923960368 0.1518949870039158
7.9246 -19.023528099576037 3530.5 152.5 -2.96 0.07 23.0 2.7 0.07908428242536078 0.2372528472760823 2.5454398857507028e+25 2.9370460220200415e+24 116.99999999999999 351.01282027869007 nan nan
7.9807 -18.616724527404912 1821.1 36.3 -2.2 0.05 18.8 1.5 0.5626155978440984 0.16074731366974243 3.760612141360212e+25 1.4463892851385432e+24 19.28571428571429 5.517606516806213 7.486033299182815 0.1518949870039158
8.1577 -19.94553396941506 4864.3 117.6 -2.92 0.13 81.7 25.3 1.690323686309704 0.845161843154852 2.6037246292611417e+25 3.971783332771233e+24 15.55 7.791060582488114 nan nan
8.1826 -20.25258583354932 7476.2 78.2 -2.17 0.08 82.1 9.5 3.574537435646928 0.7659723076386274 3.399607206005609e+25 2.6927581829747404e+24 16.357142857142858 3.51164615015262 7.819297820711277 0.1518949870039158
8.2228 -20.05784302276156 200.2 35.6 -2.06 0.1 55.4 12.8 1.1188877602203675 1.0328194709726468 2.3025387526658127e+25 4.4434958384778847e+24 12.0 11.11531807273135 7.135634250082131 0.1518949870039158
8.2755 -18.301656675606242 675.4 2.0 -2.74 0.08 33.8 4.5 0.1746720051315505 0.08733600256577526 1.4400458484810183e+25 2.0572083549728834e+24 8.0 4.031128874149275 7.124683852060178 0.1518949870039158
8.3173 -21.406774801997045 1103.0 28.7 -2.25 0.04 45.8 3.0 11.750374110544001 1.6786248729348572 1.8096701546391948e+25 1.904915952251784e+24 7.69172932330827 1.108065974450762 7.866429798744123 0.1518949870039158
8.4932 -19.026468423598196 2197.7 25.6 -2.64 0.03 34.6 1.7 0.18535944990791228 0.09267972495395614 1.8861058128026855e+25 1.1094740075309916e+24 50.99999999999999 25.504901489713696 7.508875931365705 0.1518949870039158
8.5122 -21.72429756744544 2523.9 49.4 -2.2 0.01 32.7 0.9 13.134754262164943 2.6083199953235345 4.427893702453039e+25 2.2278710452593907e+24 26.76595744680851 5.31893389062597 7.867282030311413 0.1518949870039158
8.6139 -21.362750998859926 396.5 36.3 -2.01 0.04 55.8 4.0 2.871504393591862 1.052884944317016 4.3456798147953466e+24 1.1851854040350947e+24 7.8 2.8834084768628334 7.9262774580755915 0.1518949870039158
8.7621 -20.49614186968846 1430.9 32.8 -2.1 0.03 60.6 3.5 3.9807453047960126 0.4975931630995016 1.9110277766351651e+25 1.2133509692921685e+24 8.725 1.097764952357744 7.629574289726405 0.1518949870039158
8.9202 -18.03869892999238 3749.0 372.9 -2.81 0.07 23.7 2.0 0.1036630792994169 0.10366307929941691 2.9937511201405256e+24 2.9937511201405256e+24 11.0 11.045361017187261 7.882122475823884 0.1518949870039158
9.2521 -20.68296791578923 955.9 121.8 -3.1 0.07 43.3 4.8 0.22532483599213568 0.7886369259724748 3.635070847197192e+24 1.6777250063987038e+24 33.5 117.30222717408223 7.330622284779773 0.1518949870039158
9.321 -21.215695554872344 199.0 37.7 -2.16 0.03 49.6 2.7 2.979119785736973 1.0312337719858753 1.5700701885251656e+24 1.2211657021862398e+24 7.576923076923077 2.6455250897686104 7.9906572889965 0.1518949870039158
9.4362 -20.29364401661254 1210.8 38.3 -2.56 0.02 49.4 1.3 0.5891474017831606 0.23565896071326425 1.787634853334227e+25 8.314580713182452e+23 39.8 15.925024332791459 7.3426759530735275 0.1518949870039158
9.5635 -20.160480408377843 20.0 3.4 -2.47 0.11 52.8 13.8 1.7006606185824935 1.093281826231603 8.625872762146811e+24 3.833721227620805e+24 3.5714285714285716 2.3842203035045824 nan nan
9.5685 -19.149966620650694 1753.5 128.4 -2.87 0.1 52.8 11.0 0.4864808053968653 0.7297212080952978 4.026889506912346e+25 7.321617285295174e+24 18.5 27.790510970473353 nan nan
9.6886 -19.48769793812208 0.0 0.0 -2.69 0.06 31.7 3.3 0.5004704952632759 0.25023524763163796 1.64413957455273e+25 1.8268217495030333e+24 0.0 nan 7.595024753531131 0.22934854417890063
9.7982 -20.026621582398096 0.0 0.0 -2.72 0.05 52.9 4.5 0.38506827386845466 0.6417804564474244 1.8685087424081468e+25 3.3972886225602665e+24 0.0 nan 7.1584773674514794 0.22934854417890063
9.8505 -20.02137562176496 0.0 0.0 -2.95 0.14 58.4 17.3 0.7795033414483018 0.9094205650230188 1.499310561479977e+25 4.613263266092237e+24 0.0 nan nan nan
10.0638 -20.090239208892164 0.0 0.0 -2.55 0.06 52.0 4.8 2.045847622802663 0.5455593660807102 0.0 nan 0.0 nan 8.313597198733486 0.24
10.1761 -21.06927430238727 0.0 0.0 -2.04 0.04 68.3 4.8 4.755442460978439 0.8391957284079598 0.0 nan 0.0 nan 8.368063794247105 0.24
10.2142 -20.115579256824898 0.0 0.0 -2.87 0.06 66.2 5.5 0.0 nan 0.0 nan nan nan nan nan
10.4064 -18.547128506577714 0.0 0.0 -2.52 0.09 35.5 5.0 0.29428503318225735 0.29428503318225735 0.0 nan 0.0 nan 7.613226452905812 0.24
11.0419 -19.678262459104463 0.0 0.0 -1.81 0.1 87.4 15.3 7.235089618369832 1.346063184812992 0.0 nan 0.0 nan 8.403176769103537 0.24
11.1168 -18.761530151298654 0.0 0.0 -2.25 0.14 17.5 4.3 0.0 nan 0.0 nan nan nan nan nan
11.4111 -19.63547431282065 0.0 0.0 -1.86 0.09 98.5 29.0 2.8996393934424676 0.7249098483606168 0.0 nan 0.0 nan 8.341682092120504 0.24
11.5194 -19.256041211147277 0.0 0.0 -2.44 0.04 46.6 4.0 0.37026059977855635 0.18513029988927818 0.0 nan 0.0 nan 7.9148597150941695 0.24
12.29 -19.50118754764317 0.0 0.0 -2.46 0.14 67.4 18.6 0.6425868651772454 1.0709781086287424 0.0 nan 0.0 nan nan nan
13.0325 -18.402162372770725 0.0 0.0 -2.26 0.08 59.5 12.1 1.4661739904127233 0.48872466347090776 0.0 nan 0.0 nan nan nan
