# z-spec OII_3727 err_OII_3727 NeIII_3870_HeI_3889 err_NeIII_3870_HeI_3889 Hdelta err_Hdelta Hgamma err_Hgamma Hbeta err_Hbeta OIII_5008 err_OIII_5008 Halpha err_Halpha SII_6725 err_SII_6725
5.8051 5.3 0.7 6.0 0.8 1.4 0.6 4.9 0.7 7.3 0.6 52.8 0.6 27.1 0.5 1.1 0.5
5.8215 0.7 0.3 0.7 0.3 0.4 0.2 1.2 0.2 1.9 0.2 7.5 0.2 5.9 0.2 0.5 0.2
5.8215 0.7 0.3 1.4000000000000001 0.3 0.9 0.3 1.9 0.3 2.9 0.2 10.5 0.2 8.6 0.2 0.2 0.2
5.829 3.9 1.7 4.0 2.1 5.9 1.6 3.5 1.7 5.1 1.5 36.7 1.5 26.5 1.4 1.2 1.3
5.8304 6.5 0.4 2.8 0.5 1.5 0.4 2.4 0.4 2.9 0.3 16.4 0.3 12.2 0.3 1.8 0.3
5.8427 1.7 0.6 1.9 0.7 0.4 0.6 0.3 0.6 1.8 0.5 10.6 0.5 5.9 0.5 0.5 0.4
5.8434 -0.7 3.3 5.7 4.7 1.6 3.1 9.2 4.0 18.1 2.8 52.2 2.6 140.6 3.0 -0.9 2.4
5.8639 3.0 0.9 0.7 1.0 0.1 0.8 0.30000000000000004 0.8 4.2 0.7 19.8 0.8 12.0 0.7 1.3 0.6
5.8744 10.7 1.4 6.0 1.75 1.5 1.3 2.5 1.45 7.5 1.2 40.0 1.3 22.8 1.1 3.2 1.0
5.8777 13.0 3.7 17.0 4.9 5.9 3.5 17.6 4.1 28.7 3.2 156.3 3.1 192.4 3.2 2.6 2.8
5.8928 1.4 0.4 1.9 0.5 0.6 0.4 2.9000000000000004 0.4 3.4 0.4 19.9 0.4 10.3 0.3 0.5 0.3
5.9156 4.6 1.1 7.4 1.3 2.5 1.1 8.4 1.1 7.0 1.0 44.0 1.0 19.2 0.9 0.4 0.8
5.917 42.6 2.8 19.9 3.5 6.7 2.7 12.8 3.0 35.6 2.5 221.8 2.5 150.5 2.3 7.7 2.1
5.919 1.5 0.8 2.5999999999999996 1.0 0.3 0.8 2.4 0.9 3.3 0.7 12.8 0.7 11.4 0.7 1.0 0.6
5.9204 3.4 0.3 1.8 0.4 0.7 0.3 1.1 0.4 1.6 0.3 12.3 0.3 7.1 0.3 1.1 0.3
5.9204 3.0 1.0 2.9000000000000004 1.1 0.3 0.9 3.6 1.0 2.8 0.8 20.0 0.9 12.5 0.8 1.1 0.7
5.9232 10.6 1.7 11.5 2.0 5.3 1.6 7.5 1.8 15.6 1.5 87.9 1.6 44.5 1.4 -1.5 1.3
5.9253 2.2 0.7 3.9000000000000004 0.7 1.4 0.7 2.5 0.7 5.5 0.6 23.7 0.6 16.9 0.5 0.4 0.5
5.928 8.1 1.5 7.7 1.6 0.7 1.4 5.2 1.5 11.2 1.3 84.6 1.3 33.5 1.1 2.0 1.1
5.928 6.1 1.0 6.800000000000001 1.25 2.0 1.0 5.8 1.1 6.5 0.9 56.5 0.9 18.2 0.8 2.5 0.8
5.9294 1.4 0.9 2.3 0.8 -1.2 0.8 1.1 0.9 0.4 0.8 3.7 0.8 1.4 0.7 0.1 0.7
5.9294 9.5 1.5 6.6 1.8 1.7 1.4 4.2 1.6 10.8 1.3 87.6 1.4 30.7 1.2 0.8 1.1
5.9301 10.6 1.6 9.2 2.0 3.8 1.6 6.8999999999999995 1.8 14.6 1.4 116.8 1.5 52.4 1.3 1.0 1.2
5.9301 4.2 0.7 2.4000000000000004 0.7 -0.3 0.6 0.1 0.7 1.3 0.6 8.0 0.6 4.3 0.5 0.8 0.5
5.9308 8.8 1.5 9.5 1.7 1.6 1.4 8.0 1.5 10.0 1.3 104.5 1.3 44.0 1.1 3.0 1.1
5.9315 2.8 0.8 4.0 0.9 1.0 0.7 4.1000000000000005 0.8 7.1 0.7 37.3 0.7 32.7 0.6 0.3 0.6
5.9315 8.3 1.1 7.300000000000001 1.2 3.5 1.0 6.0 1.1 7.6 0.9 59.5 0.9 22.2 0.8 0.7 0.8
5.9322 5.6 1.0 7.4 1.1 1.3 0.9 7.1 1.0 5.5 0.8 58.9 0.9 19.9 0.7 1.8 0.7
5.9322 0.7 0.3 1.4 0.3 0.5 0.2 0.9 0.3 2.0 0.2 10.6 0.2 5.8 0.2 0.3 0.2
5.9412 1.4 0.2 1.9 0.3 0.4 0.2 1.2999999999999998 0.2 2.0 0.2 12.7 0.2 6.7 0.2 0.1 0.2
5.944 2.5 0.9 6.9 1.1 2.8 0.9 8.4 0.9 12.8 0.8 73.4 0.8 37.7 0.7 0.7 0.7
5.9482 3.6 0.4 2.0 0.5 0.4 0.4 1.0 0.4 1.4 0.4 10.6 0.4 6.6 0.3 0.8 0.3
5.9802 0.7 0.3 1.9 0.4 0.9 0.3 1.6 0.3 2.6 0.3 11.9 0.3 8.1 0.3 0.1 0.2
5.9865 6.6 1.1 4.0 1.3 -0.1 1.0 2.9 1.1 3.8 0.9 16.4 1.0 8.0 0.8 0.4 0.8
5.9928 0.2 0.2 1.0 0.2 0.5 0.2 1.2 0.2 2.3 0.2 6.1 0.2 7.3 0.2 0.1 0.1
6.0019 4.5 0.9 2.6 1.0 1.0 0.9 3.9000000000000004 0.9 4.8 0.8 29.8 0.9 18.0 0.8 1.7 0.7
6.0084 35.1 3.6 27.5 4.1 8.8 3.3 23.9 3.55 38.9 3.1 273.0 3.2 135.8 2.8 6.7 2.6
6.0541 2.4 0.8 0.7 1.0 0.7 0.8 2.1 0.8500000000000001 3.6 0.7 18.9 0.7 12.8 0.7 0.6 0.6
6.0616 22.3 3.5 12.2 4.15 2.2 3.3 10.100000000000001 3.5 15.5 3.0 154.4 3.1 90.7 2.8 3.4 2.6
6.0619 5.3 1.2 5.0 1.4 0.5 1.1 6.1 1.2 6.1 1.0 43.9 1.1 24.4 0.9 2.0 0.9
6.0694 0.6 0.1 0.6 0.2 0.2 0.1 0.4 0.1 0.8 0.1 2.9 0.1 2.5 0.1 0.4 0.1
6.0873 4.6 1.2 5.699999999999999 1.4 0.1 1.1 2.3000000000000003 1.15 6.7 1.0 46.9 1.1 20.3 0.9 -0.1 0.9
6.1013 2.2 1.2 6.2 1.3 -0.1 1.1 1.5 1.2 -0.3 1.0 18.3 1.0 12.0 0.9 3.0 0.9
6.1056 5.0 0.3 1.6 0.4 1.2 0.3 1.3 0.3 3.0 0.3 15.3 0.3 9.5 0.3 0.9 0.2
6.1072 12.1 1.6 10.4 1.8 3.2 1.5 6.3 1.7 15.8 1.4 120.6 1.5 50.3 1.3 5.1 1.2
6.1086 7.8 1.5 8.0 1.7 -0.2 1.5 6.5 1.6 9.3 1.4 64.7 1.5 33.6 1.3 -0.4 1.2
6.134 10.3 1.6 7.8 1.8 4.8 1.5 11.4 1.6 20.9 1.4 122.6 1.4 59.9 1.2 2.3 1.2
6.14 20.4 3.0 16.4 3.3 5.2 2.9 8.399999999999999 3.05 21.6 2.6 168.5 2.8 87.6 2.4 3.2 2.3
6.1894 14.5 1.5 7.0 1.8 3.1 1.4 6.8 1.5 9.7 1.3 72.3 1.4 38.2 1.2 2.9 1.1
6.1906 2.2 1.0 2.3 1.2 1.1 0.9 2.9 1.0 2.9 0.9 16.0 0.9 12.4 0.8 2.7 0.7
6.206 2.9 1.8 8.5 1.9 2.7 1.9 5.699999999999999 1.7 13.0 1.5 59.6 1.6 45.6 1.4 2.7 1.3
6.2283 0.8 0.5 0.9 0.6 -0.1 0.5 1.0 0.5 2.2 0.5 12.3 0.5 6.5 0.4 0.6 0.4
6.2513 0.7 0.5 2.7 0.5 1.2 0.5 2.5999999999999996 0.5 4.1 0.4 13.3 0.4 12.7 0.4 0.2 0.4
6.2651 5.8 1.1 5.9 1.3 2.2 1.0 5.2 1.1 7.0 1.0 51.0 1.0 25.5 0.9 0.8 0.8
6.268 6.2 2.4 13.6 3.0 3.3 2.4 12.5 2.4 18.1 2.1 157.1 2.4 54.3 1.9 1.6 1.8
6.3139 2.4 0.7 3.7 0.8 0.7 0.7 3.2 0.7 7.5 0.6 33.4 0.7 18.4 0.6 0.6 0.6
6.3271 9.9 1.8 17.0 2.1 3.5 1.7 12.2 1.9 16.8 1.6 102.4 1.7 59.4 1.5 1.0 1.4
6.33 1.0 0.2 1.3 0.2 0.7 0.2 1.2999999999999998 0.2 2.2 0.2 8.8 0.2 6.9 0.2 0.3 0.2
6.3337 1.0 0.9 1.7999999999999998 1.0 1.1 0.8 2.3 0.9 4.4 0.8 22.4 0.8 14.6 0.7 1.1 0.6
6.3351 2.5 0.3 1.1 0.4 1.5 0.3 1.3 0.3 1.7 0.3 10.3 0.3 5.9 0.3 0.5 0.3
6.3396 0.3 0.1 0.6 0.2 0.2 0.1 0.2 0.1 0.4 0.1 1.9 0.1 1.3 0.1 0.3 0.1
6.341 2.0 0.6 4.0 0.7 2.3 0.6 4.199999999999999 0.55 7.1 0.5 35.9 0.5 19.1 0.5 0.6 0.4
6.352 1.6 1.4 0.8 1.5 -0.2 1.3 2.6 1.4 4.9 1.2 21.0 1.2 13.3 1.1 -0.9 1.0
6.3785 0.1 0.6 1.6 0.7 0.4 0.6 2.2 0.6 2.1 0.6 7.0 0.6 6.0 0.5 0.2 0.5
6.5357 1.7 0.5 1.5 0.6 0.3 0.5 1.3 0.5 1.3 0.4 12.9 0.5 5.8 0.4 -0.4 0.4
6.5361 1.6 0.5 1.2 0.5 1.0 0.4 2.0999999999999996 0.4 2.6 0.4 9.1 0.4 7.9 0.4 0.5 0.3
6.6261 0.4 0.2 0.7 0.2 0.6 0.2 0.0 0.2 0.6 0.2 3.1 0.2 2.6 0.2 0.1 0.2
6.6284 1.8 1.1 5.5 1.2 1.3 1.1 3.5999999999999996 1.1 5.6 1.0 27.8 1.1 14.8 0.9 -1.5 0.8
6.6322 0.7 0.2 1.8 0.2 0.9 0.2 2.1 0.2 3.2 0.2 11.8 0.2 10.0 0.2 0.5 0.2
6.6345 11.0 1.7 11.8 1.8 3.1 1.6 6.6 1.65 11.9 1.5 101.1 1.6 41.9 1.3 2.2 1.3
6.7074 0.9 0.4 1.1 0.4 1.0 0.4 1.6 0.4 1.4 0.3 8.6 0.4 3.7 0.3 0.6 0.3
6.7186 0.7 0.3 1.9 0.3 0.6 0.2 1.3 0.25 2.7 0.2 17.4 0.3 8.3 0.2 -0.3 0.2
6.7274 0.9 0.3 0.5 0.3 0.2 0.3 0.6 0.3 0.9 0.3 3.6 0.3 3.0 0.3 0.1 0.2
6.737 6.2 1.3 8.3 1.45 0.2 1.3 6.0 1.3 8.5 1.2 67.4 1.3 34.0 1.1 0.6 1.0
6.7654 1.6 0.4 1.1 0.45 1.2 0.4 0.7 0.4 1.2 0.4 10.1 0.4 6.6 0.3 1.0 0.3
6.7701 1.2 0.9 2.6 1.1 1.5 0.9 4.8 0.9 7.6 0.8 22.8 0.8 33.7 0.8 0.0 0.0
6.8458 7.8 1.2 7.8999999999999995 1.4 3.5 1.2 6.5 1.2 10.2 1.1 74.2 1.2 33.0 1.0 0.2 0.9
6.8702 0.7 0.1 0.5 0.1 0.0 0.1 0.2 0.1 0.7 0.1 3.6 0.1 2.2 0.1 0.0 0.0
6.8717 1.2 0.6 3.5 0.6 1.9 0.6 5.3 0.6 8.0 0.5 24.2 0.5 34.7 0.5 0.0 0.0
6.8733 0.3 0.4 1.5999999999999999 0.45 0.4 0.4 1.3 0.35 2.4 0.3 8.4 0.3 10.4 0.3 0.0 0.0
6.9326 3.1 0.4 4.1000000000000005 0.45 1.0 0.4 2.9000000000000004 0.4 5.2 0.4 28.8 0.4 13.6 0.3 0.0 0.0
6.9336 10.6 1.4 9.899999999999999 1.5 2.6 1.3 10.7 1.3 11.8 1.2 115.9 1.4 43.2 1.1 0.0 0.0
6.9352 7.4 1.2 7.199999999999999 1.25 0.3 1.1 4.1 1.1 8.8 1.0 64.4 1.1 31.1 0.9 0.0 0.0
6.9806 4.2 0.5 4.5 0.5 1.1 0.5 3.1 0.5 3.3 0.4 30.5 0.5 12.7 0.4 0.0 0.0
6.9915 2.3 1.5 2.4 1.9 -0.6 1.4 2.3 1.6 0.9 1.3 11.5 1.3 5.2 1.2 0.0 0.0
6.9925 2.9 1.0 3.8 1.1 -0.2 1.0 1.7 1.0 1.8 0.9 12.4 1.0 4.5 0.8 0.0 0.0
7.035 -2.5 1.4 0.30000000000000004 1.6 1.1 1.3 3.4000000000000004 1.25 6.2 1.2 1.8 1.1 38.7 1.3 0.0 0.0
7.1028 1.5 1.0 3.8 1.1 -0.3 1.0 1.9 1.0 3.6 0.9 26.3 1.0 0.0 0.0 0.0 0.0
7.1135 -0.6 1.4 3.7 1.35 0.2 1.3 1.5 1.3 3.4 1.2 23.5 1.3 0.0 0.0 0.0 0.0
7.1785 2.7 1.1 3.0 1.2 1.6 1.0 1.7000000000000002 1.1 4.5 0.9 20.7 1.0 0.0 0.0 0.0 0.0
7.1791 7.3 2.2 8.5 2.3 3.6 2.0 3.4 2.05 11.7 1.9 59.0 2.1 0.0 0.0 0.0 0.0
7.2053 1.2 0.2 1.2999999999999998 0.2 0.6 0.2 1.5 0.2 2.7 0.2 11.3 0.2 0.0 0.0 0.0 0.0
7.2621 0.2 0.1 0.0 0.1 0.3 0.1 0.0 0.1 0.1 0.1 1.2 0.1 0.0 0.0 0.0 0.0
7.2697 0.0 0.0 0.0 0.0 0.0 0.0 0.0 0.0 0.0 0.0 0.0 0.0 0.0 0.0 0.0 0.0
7.2753 0.8 0.2 0.8 0.2 0.1 0.2 0.2 0.2 0.9 0.1 4.6 0.2 0.0 0.0 0.0 0.0
7.4546 2.5 1.4 1.7 1.45 -4.2 1.3 2.1 1.3 3.5 1.2 21.1 1.3 0.0 0.0 0.0 0.0
7.4721 2.2 0.7 4.0 0.8 2.7 0.7 4.3 0.7 7.6 0.6 35.1 0.7 0.0 0.0 0.0 0.0
7.4757 4.6 1.0 3.0999999999999996 1.0 2.4 0.9 3.2 0.9 5.5 0.8 38.6 1.0 0.0 0.0 0.0 0.0
7.4808 0.6 0.6 1.9000000000000001 0.6499999999999999 0.5 0.6 3.4 0.6 5.9 0.6 11.7 0.6 0.0 0.0 0.0 0.0
7.4842 -0.2 1.0 1.7999999999999998 1.0 -0.3 0.9 5.8 0.9 2.6 0.9 16.1 1.0 0.0 0.0 0.0 0.0
7.5089 1.0 0.9 0.7999999999999999 0.9 0.1 0.8 -0.19999999999999998 0.8 0.4 0.8 6.5 0.9 0.0 0.0 0.0 0.0
7.5524 1.2 0.4 1.1 0.35 0.7 0.3 0.7 0.3 2.1 0.3 9.0 1.0 0.0 0.0 0.0 0.0
7.589 1.1 0.4 0.5 0.4 0.1 0.4 0.5 0.4 1.2 0.3 4.2 0.4 0.0 0.0 0.0 0.0
7.6487 2.8 0.9 2.7 0.9 0.5 0.9 0.7000000000000001 0.9 0.9 0.8 11.2 0.9 0.0 0.0 0.0 0.0
7.6631 6.1 0.6 6.7 0.6 2.7 0.6 6.1 0.6 9.9 0.5 64.5 0.6 0.0 0.0 0.0 0.0
7.7785 3.2 1.2 2.3 1.2 1.2 1.1 0.20000000000000007 1.1 3.2 1.0 18.3 1.2 0.0 0.0 0.0 0.0
7.8314 2.9 1.0 5.2 1.0 0.1 0.9 4.7 0.9 6.7 0.8 44.1 1.0 0.0 0.0 0.0 0.0
7.8798 4.3 0.5 1.6 0.5 0.4 0.5 0.2 0.5 1.0 0.4 12.9 0.5 0.0 0.0 0.0 0.0
7.8845 6.7 1.4 6.300000000000001 1.4 3.4 1.3 4.2 1.3 5.8 1.2 51.3 1.4 0.0 0.0 0.0 0.0
7.8922 6.6 0.9 7.5 0.9 1.4 0.8 6.300000000000001 0.8 12.2 0.8 81.6 0.9 0.0 0.0 0.0 0.0
7.9246 0.1 0.3 1.2000000000000002 0.3 0.9 0.3 0.39999999999999997 0.3 2.6 0.3 11.7 0.3 0.0 0.0 0.0 0.0
7.9807 0.7 0.2 1.4 0.15000000000000002 0.6 0.1 1.8 0.1 2.6 0.1 13.5 0.2 0.0 0.0 0.0 0.0
8.1577 2.0 1.0 2.9000000000000004 1.1 2.1 1.0 4.6 1.0 5.9 0.9 31.1 1.0 0.0 0.0 0.0 0.0
8.1826 4.2 0.9 5.3 0.95 2.9 0.9 4.800000000000001 0.9 10.1 0.8 68.7 0.9 0.0 0.0 0.0 0.0
8.2228 1.3 1.2 2.6 1.3 -0.6 1.2 1.5 1.15 5.7 1.1 15.6 1.2 0.0 0.0 0.0 0.0
8.2755 0.2 0.1 0.0 0.1 0.0 0.1 0.30000000000000004 0.1 0.7 0.1 1.6 0.1 0.0 0.0 0.0 0.0
8.3173 13.3 1.9 6.6 1.85 2.0 1.8 5.3 1.7 15.2 1.6 102.3 1.9 0.0 0.0 0.0 0.0
8.4932 0.2 0.1 1.2 0.1 0.4 0.1 0.8999999999999999 0.1 1.7 0.1 10.2 0.1 0.0 0.0 0.0 0.0
8.5122 14.1 2.8 23.099999999999998 2.8 10.4 2.7 26.0 2.6 47.7 2.4 377.4 2.8 0.0 0.0 0.0 0.0
8.6139 3.0 1.1 1.4000000000000001 1.1 1.4 1.0 0.20000000000000007 1.0 3.3 0.9 23.4 1.1 0.0 0.0 0.0 0.0
8.7621 4.0 0.5 3.9 0.5 1.2 0.5 3.5 0.4 6.3 0.4 34.9 0.5 0.0 0.0 0.0 0.0
8.9202 0.1 0.1 0.2 0.1 0.2 0.1 -0.1 0.1 0.1 0.1 1.1 0.1 0.0 0.0 0.0 0.0
9.2521 0.2 0.7 -0.7 0.7 0.1 0.7 1.1 0.7 1.3 0.6 6.7 0.7 0.0 0.0 0.0 0.0
9.321 2.6 0.9 2.1 0.8 0.4 0.8 0.7000000000000001 0.8 0.9 0.7 19.7 0.9 0.0 0.0 0.0 0.0
9.4362 0.5 0.2 1.7999999999999998 0.2 1.1 0.2 2.7 0.2 4.3 0.2 19.9 0.2 0.0 0.0 0.0 0.0
9.5635 1.4 0.9 3.4000000000000004 0.9 0.3 0.9 0.6000000000000001 0.9 1.8 0.8 5.0 0.9 0.0 0.0 0.0 0.0
9.5685 0.4 0.6 0.9 0.6 0.8 0.6 1.7000000000000002 0.6 3.3 0.6 7.4 0.6 0.0 0.0 0.0 0.0
9.6886 0.4 0.2 0.4 0.2 0.0 0.2 1.2 0.2 1.8 0.2 0.0 0.0 0.0 0.0 0.0 0.0
9.7982 0.3 0.5 2.2 0.5 1.0 0.5 1.4 0.5 3.3 0.6 0.0 0.0 0.0 0.0 0.0 0.0
9.8505 0.6 0.7 2.4 0.75 0.6 0.7 0.2 0.6 2.6 0.8 0.0 0.0 0.0 0.0 0.0 0.0
10.0638 1.5 0.4 0.8 0.3 0.3 0.3 1.6 0.3 0.0 0.0 0.0 0.0 0.0 0.0 0.0 0.0
10.1761 3.4 0.6 6.5 0.6 2.6 0.6 6.9 0.55 0.0 0.0 0.0 0.0 0.0 0.0 0.0 0.0
10.2142 0.0 0.0 0.0 0.0 0.0 0.0 0.0 0.0 0.0 0.0 0.0 0.0 0.0 0.0 0.0 0.0
10.4064 0.2 0.2 0.30000000000000004 0.15000000000000002 0.1 0.1 0.0 0.1 0.0 0.0 0.0 0.0 0.0 0.0 0.0 0.0
11.0419 4.3 0.8 1.9 0.7 -0.7 0.7 -0.7000000000000001 0.6499999999999999 0.0 0.0 0.0 0.0 0.0 0.0 0.0 0.0
11.1168 0.0 0.2 0.2 0.2 -0.3 0.2 1.1 0.2 0.0 0.0 0.0 0.0 0.0 0.0 0.0 0.0
11.4111 1.6 0.4 1.5 0.3 -0.3 0.5 0.0 0.0 0.0 0.0 0.0 0.0 0.0 0.0 0.0 0.0
11.5194 0.2 0.1 0.0 0.1 0.2 0.1 0.0 0.0 0.0 0.0 0.0 0.0 0.0 0.0 0.0 0.0
12.29 0.3 0.5 2.4 0.55 0.0 0.0 0.0 0.0 0.0 0.0 0.0 0.0 0.0 0.0 0.0 0.0
13.0325 0.6 0.2 0.0 0.0 0.0 0.0 0.0 0.0 0.0 0.0 0.0 0.0 0.0 0.0 0.0 0.0
